type = motion
version = 1.0
enable = 0 1 1 1 1 1 1 1 1 1 1 1 1 1 1 1 1 1 1 0 0 0 0 0 0 0
motor_type = 0 0 0 0 0 0 0 0 0 0 0 0 0 0 0 0 0 0 0 0 0 0 0 0 0 0
interpolator = spline
page_begin
name = standUpFromFront::finishMovement
compliance = 7 7 7 7 7 7 7 5 5 5 5 5 5 5 5 6 6 6 6 5 5 5 5 5 5 5
play_param = 0 0 1 8 32
step = 0 0 -0.091888 0.232536 0 -0.0838 0.6 -0.2 -1.6 1.8689 -1.2963 0 -0.03448 -0.133338 0 0 -0.6 0.2 -1.6 1.83781 -1.2963 0 0 1.0
step = 0 0 -0.091888 0.232536 0 -0.0838 0.6 -0.4 -1.6 1.8689 -1.1963 0 -0.03448 -0.133338 0 0 -0.6 0.4 -1.6 1.83781 -1.1963 0 0 1.2
step = 0 0 -0.091888 0.232536 0 -0.0838 0.9 -0.4 -1.6 1.3689 -0.5963 0 -0.03448 -0.133338 0 0 -0.9 0.4 -1.6 1.33781 -0.4963 0 0 1.3
step = 0 0 -0.091888 0.232536 0 -0.0838 1.1 -0.4 -1.4 1.3689 -0.1963 0 -0.03448 -0.133338 0 0 -1.1 0.4 -1.4 1.33781 -0.1963 0 0 1.79
page_end
end