type = motion
version = 1.0
enable = 0 1 1 1 1 1 1 1 1 1 1 1 1 1 1 1 1 1 1 0 0 0 0 0 0 0
motor_type = 0 0 0 0 0 0 0 0 0 0 0 0 0 0 0 0 0 0 0 0 0 0 0 0 0 0
interpolator = linear
page_begin
name = getUpFront
compliance = 7 7 7 7 7 7 7 5 5 5 5 5 5 5 5 6 6 6 6 5 5 5 5 5 5 5
play_param = 0 0 1 1 32
step = 0.000000 0.000000 1.570750 0.000000 0.000000 0.000000 0.000000 0.000000 0.000000 0.000000 0.000000 0.000000 1.570750 0.000000 0.000000 0.000000 0.000000 0.000000 0.000000 0.000000 0.000000 0.000000 0.000000 0
step = 0.000000 0.000000 0.000000 0.000000 0.000000 0.000000 0.000000 0.000000 0.000000 0.000000 0.000000 0.000000 0.000000 0.000000 0.000000 0.000000 0.000000 0.000000 0.000000 0.000000 0.000000 0.000000 0.000000 0.2
step = 0.000000 0.000000 0.000000 0.000000 0.000000 0.000000 0.000000 0.000000 0.000000 0.000000 0.000000 0.000000 0.000000 0.000000 0.000000 0.000000 0.000000 0.000000 0.000000 0.000000 0.000000 0.000000 0.000000 0.2
step = 0.000000 0.000000 0.000000 0.000000 0.000000 0.000000 0.698111 0.610847 0.000000 1.745278 -1.047167 -0.698111 0.000000 0.000000 0.000000 0.000000 -0.698111 -0.610847 0.000000 1.745278 -1.047167 0.698111 0.000000 0.2
step = 0.000000 0.000000 0.000000 0.000000 0.000000 0.000000 0.698111 0.610847 -1.745278 1.745278 -1.047167 -0.698111 0.000000 0.000000 0.000000 0.000000 -0.698111 -0.610847 -1.745278 1.745278 -1.047167 0.698111 0.000000 0.2
step = 0.000000 0.000000 0.000000 0.000000 0.000000 0.000000 0.698111 0.000000 -1.745278 2.268861 -1.047167 -0.349056 0.000000 0.000000 0.000000 0.000000 -0.698111 0.000000 -1.745278 2.268861 -1.047167 0.349056 0.000000 0.3
step = 0.000000 0.000000 0.000000 0.000000 0.000000 0.000000 0.000000 0.000000 -1.745278 2.268861 -1.047167 0.000000 0.000000 0.000000 0.000000 0.000000 0.000000 0.000000 -1.745278 2.268861 -1.047167 0.000000 0.000000 0.3
step = 0.000000 0.000000 1.570750 0.000000 0.000000 0.000000 0.000000 0.000000 0.000000 0.000000 0.000000 0.000000 1.570750 0.000000 0.000000 0.000000 0.000000 0.000000 0.000000 0.000000 0.000000 0.000000 0.000000 1.5
step = 0.000000 0.000000 1.570750 0.000000 0.000000 0.000000 0.000000 0.000000 0.000000 0.000000 0.000000 0.000000 1.570750 0.000000 0.000000 0.000000 0.000000 0.000000 0.000000 0.000000 0.000000 0.000000 0.000000 0.1
page_end
end