type = motion
version = 1.0
enable = 0 1 1 1 1 1 1 1 1 1 1 1 1 1 1 1 1 1 1 0 0 0 0 0 0 0
motor_type = 0 0 0 0 0 0 0 0 0 0 0 0 0 0 0 0 0 0 0 0 0 0 0 0 0 0
interpolator = spline
page_begin
name = standUpFromFront::initialMovement
compliance = 7 7 7 7 7 7 7 5 5 5 5 5 5 5 5 6 6 6 6 5 5 5 5 5 5 5
play_param = 0 0 1 16 32
step = 0 0 1.3 0 0 0 -0 0 0 0 0 0 1.3 0 0 0 0 0 0 0 0 0 0 1
step = 0 0 1.50797 0.432536 0 -0.0838 -0 0 0 0 0.024426 0 1.56552 -0.333338 0 0 0 0 0 0 0 0 0 1
step = 0 0 1.50797 0.632536 0 -0.0838 -0 0 0 0.5 -0.475574 0 1.56552 -0.533338 0 0 0 0 0 0.5 -0.5 0 0 0.8
step = 0 0 -1.59203 0.232536 0 -0.0838 -0 0 -0.3 2.2689 -1.3963 0 -1.53448 -0.133338 0 0 0 0 -0.3 2.2689 -1.3963 0 0 1.775
step = 0 0 -0.39203 0.232536 0 -0.0838 -0 0 -1.6 2.2689 -1.3963 0 -0.33448 -0.133338 0 0 0 0 -1.6 2.2689 -1.3963 0 0 1
page_end
end