type = motion
version = 1.0
enable = 0 1 1 1 1 1 1 1 1 1 1 1 1 1 1 1 1 1 1 0 0 0 0 0 0 0
motor_type = 0 0 0 0 0 0 0 0 0 0 0 0 0 0 0 0 0 0 0 0 0 0 0 0 0 0
interpolator = linear
page_begin
name = kick5mModule
compliance = 7 7 7 7 7 7 7 5 5 5 5 5 5 5 5 6 6 6 6 5 5 5 5 5 5 5
play_param = 0 0 1 1 32
step = 0.000000 0.000000 1.570750 0.000000 0.000000 0.000000 0.000000 -0.191981 -0.279244 0.506131 -0.436319 0.191981 1.570750 0.000000 0.000000 0.000000 0.000000 -0.191981 -0.279244 0.506131 -0.436319 0.191981 0.000000 0.46
step = 0.000000 0.000000 1.570750 0.000000 0.000000 0.000000 0.000000 -0.191981 -0.279244 0.506131 -0.436319 0.191981 1.570750 0.000000 0.000000 0.000000 0.000000 -0.191981 -0.279244 0.506131 -0.436319 0.191981 0.000000 0.24
step = 0.000000 0.000000 1.570750 0.000000 0.000000 0.000000 0.000000 -0.191981 -0.279244 0.506131 -0.436319 0.191981 1.570750 0.000000 0.000000 0.000000 0.000000 -0.191981 -0.366508 0.680658 -0.615280 0.191981 0.000000 0.02902
step = 0.000000 0.000000 1.570750 0.000000 0.000000 0.000000 0.174141 -0.209433 -0.624518 0.086089 -0.123450 0.209433 1.570750 0.000000 0.000000 0.000000 0.000000 -0.191981 0.404672 1.228983 -1.304682 0.191981 0.000000 0.46839
step = 0.000000 0.000000 0.000000 0.000000 0.000000 0.000000 -0.016601 -0.209433 0.532381 0.416966 -0.272000 0.271143 0.000000 0.000000 0.000000 0.000000 0.017453 -0.403667 -0.275120 2.125137 -1.069250 0.191981 0.000000 0.02
step = 0.000000 0.000000 0.000000 0.000000 0.000000 0.000000 -0.016601 -0.209433 0.532381 0.416966 -0.272000 0.271143 0.000000 0.000000 0.000000 0.000000 0.017453 -0.403667 -0.275120 2.125137 -1.069250 0.191981 0.000000 0.04
step = 0.000000 0.000000 0.000000 0.000000 0.000000 0.000000 0.000000 -0.209433 0.349056 0.349056 -0.183287 0.220289 0.000000 0.000000 0.000000 0.000000 0.017453 -0.191981 -1.553297 0.017453 0.785375 0.191981 0.000000 0.16292
step = 0.000000 0.000000 1.570750 0.000000 0.000000 0.000000 0.000000 0.000000 -0.785375 1.570750 -0.785375 0.000000 1.570750 0.000000 0.000000 0.000000 0.000000 0.000000 0.000000 0.000000 0.000000 0.000000 0.000000 0.01528
step = 0.000000 0.000000 1.570750 0.000000 0.000000 0.000000 0.000000 0.000000 -0.496357 0.808587 -0.453772 0.000000 1.570750 0.000000 0.000000 0.000000 0.000000 0.000000 -0.496357 0.808587 -0.453772 0.000000 0.000000 0.04
page_end
end