type = motion
version = 1.0
enable = 0 1 1 1 1 1 1 1 1 1 1 1 1 1 1 1 1 1 1 0 0 0 0 0 0 0
motor_type = 0 0 0 0 0 0 0 0 0 0 0 0 0 0 0 0 0 0 0 0 0 0 0 0 0 0
interpolator = linear
page_begin
name = kick4m
compliance = 7 7 7 7 7 7 7 5 5 5 5 5 5 5 5 6 6 6 6 5 5 5 5 5 5 5
play_param = 0 0 1 1 32
step = 0.000000 0.000000 1.570750 0.000000 0.000000 0.000000 0.000000 -0.191981 -0.279244 0.506131 -0.436319 0.191981 1.570750 0.000000 0.000000 0.000000 0.000000 -0.191981 -0.279244 0.506131 -0.436319 0.191981 0.000000 0.46
step = 0.000000 0.000000 1.570750 0.000000 0.000000 0.000000 0.000000 -0.191981 -0.279244 0.506131 -0.436319 0.191981 1.570750 0.000000 0.000000 0.000000 0.000000 -0.191981 -0.279244 0.506131 -0.436319 0.191981 0.000000 0.24
step = 0.000000 0.000000 1.570750 0.000000 0.000000 0.000000 0.000000 -0.191981 -0.279244 0.506131 -0.436319 0.191981 1.570750 0.000000 0.000000 0.000000 0.000000 -0.191981 -0.366508 0.680658 -0.694055 0.191981 0.000000 0.0648
step = 0.000000 0.000000 1.570750 0.000000 0.000000 0.000000 0.212116 -0.209433 -0.624518 0.100062 -0.123450 0.209433 1.570750 0.000000 0.000000 0.000000 0.000000 -0.191981 0.404672 1.228983 -1.304682 0.191981 0.000000 0.39327
step = 0.000000 0.000000 0.000000 0.000000 0.000000 0.000000 -0.016601 -0.209433 0.169188 0.301462 -0.259725 0.388303 0.000000 0.000000 0.000000 0.000000 0.017453 -0.540361 -0.413819 2.237359 -0.865562 0.191981 0.000000 0.02
step = 0.000000 0.000000 0.000000 0.000000 0.000000 0.000000 -0.016601 -0.209433 0.169188 0.301462 -0.259725 0.388303 0.000000 0.000000 0.000000 0.000000 0.017453 -0.540361 -0.413819 2.237359 -0.865562 0.191981 0.000000 0.04
step = 0.000000 0.000000 0.000000 0.000000 0.000000 0.000000 0.000000 -0.209433 0.349056 0.349056 -0.183287 0.220289 0.000000 0.000000 0.000000 0.000000 0.017453 -0.191981 -1.553297 0.017453 0.785375 0.191981 0.000000 0.02
step = 0.000000 0.000000 0.000000 0.000000 0.000000 0.000000 0.000000 -0.209433 0.349056 0.349056 -0.183287 0.220289 0.000000 0.000000 0.000000 0.000000 0.017453 -0.191981 -1.553297 0.017453 0.785375 0.191981 0.000000 0.07813
step = 0.000000 0.000000 1.570750 0.000000 0.000000 0.000000 0.000000 0.000000 -0.785375 1.570750 -0.785375 0.000000 1.570750 0.000000 0.000000 0.000000 0.000000 0.000000 0.000000 0.000000 0.000000 0.000000 0.000000 0.1262
step = 0.000000 0.000000 1.570750 0.000000 0.000000 0.000000 0.000000 0.000000 -0.496357 0.808587 -0.453772 0.000000 1.570750 0.000000 0.000000 0.000000 0.000000 0.000000 -0.496357 0.808587 -0.453772 0.000000 0.000000 0.4
page_end
end