type = motion
version = 1.0
enable = 0 1 1 1 1 1 1 1 1 1 1 1 1 1 1 1 1 1 1 0 0 0 0 0 0 0
motor_type = 0 0 0 0 0 0 0 0 0 0 0 0 0 0 0 0 0 0 0 0 0 0 0 0 0 0
interpolator = linear
page_begin
name = kick3mLeftLeg
compliance = 7 7 7 7 7 7 7 5 5 5 5 5 5 5 5 6 6 6 6 5 5 5 5 5 5 5
play_param = 0 0 1 1 32
step = 0.000000 0.000000 1.570750 0.174528 0.000000 0.000000 0.000000 0.000000 -0.279244 0.506131 -0.436319 0.000000 1.570750 -0.174528 0.000000 0.000000 0.000000 0.000000 -0.279244 0.506131 -0.436319 0.000000 0.000000 0
step = 0.000000 0.000000 1.570750 0.174528 0.000000 0.000000 0.000000 0.191981 -0.279244 0.506131 -0.436319 -0.191981 1.570750 -0.174528 0.000000 0.000000 0.000000 0.191981 -0.279244 0.506131 -0.436319 -0.191981 0.000000 0.4
step = 0.000000 0.000000 1.570750 0.174528 0.000000 0.000000 0.000000 0.191981 -0.366508 0.680658 -0.523583 -0.191981 1.570750 -0.174528 0.000000 0.000000 0.000000 0.191981 -0.279244 0.506131 -0.436319 -0.191981 0.000000 0.2
step = 0.000000 0.000000 1.221694 0.174528 0.000000 0.000000 0.000000 0.082672 0.035480 1.228983 -1.293684 -0.321482 2.104508 -0.174528 0.000000 0.000000 -0.019099 0.209433 -0.543813 0.002303 -0.183287 -0.209433 0.000000 0.4
step = 0.000000 0.000000 1.570750 0.174528 0.000000 0.000000 0.000000 0.191981 -0.257006 2.094333 -0.958966 -0.690894 1.717484 -0.174528 0.000000 0.000000 -0.016601 0.209433 -0.044965 0.368395 -0.179429 -0.209433 0.000000 0.08
step = 0.000000 0.000000 1.570750 0.174528 0.000000 0.000000 0.000000 0.191981 -0.257006 2.094333 -0.958966 -0.690894 1.717484 -0.174528 0.000000 0.000000 -0.016601 0.209433 -0.044965 0.368395 -0.179429 -0.209433 0.000000 0.021
step = 0.000000 0.000000 1.919806 0.174528 0.000000 0.000000 0.017453 0.109931 -1.029714 -0.003437 0.682515 -0.191981 1.221694 -0.174528 0.000000 0.000000 0.000000 0.209433 0.000000 0.349056 -0.183287 -0.220289 0.000000 0.02
step = 0.000000 0.000000 1.919806 0.174528 0.000000 0.000000 0.017453 0.109931 -1.029714 -0.003437 0.682515 -0.191981 1.221694 -0.174528 0.000000 0.000000 0.000000 0.209433 0.000000 0.349056 -0.183287 -0.220289 0.000000 0.25
step = 0.000000 0.000000 1.570750 0.000000 0.000000 0.000000 0.000000 0.000000 -0.496357 0.808587 -0.453772 0.000000 1.570750 0.000000 0.000000 0.000000 0.000000 0.000000 -0.496357 0.808587 -0.453772 0.000000 0.000000 0.2
page_end
end