type = motion
version = 1.0
enable = 0 1 1 1 1 1 1 1 1 1 1 1 1 1 1 1 1 1 1 0 0 0 0 0 0 0
motor_type = 0 0 0 0 0 0 0 0 0 0 0 0 0 0 0 0 0 0 0 0 0 0 0 0 0 0
interpolator = linear
page_begin
name = kick5mHighLeftLeg
compliance = 7 7 7 7 7 7 7 5 5 5 5 5 5 5 5 6 6 6 6 5 5 5 5 5 5 5
play_param = 0 0 1 1 32
step = 0.000000 0.000000 1.570750 0.000000 0.000000 0.000000 0.000000 0.000000 -0.496357 0.808587 -0.453772 0.000000 1.570750 0.000000 0.000000 0.000000 0.000000 0.000000 -0.496357 0.808587 -0.453772 0.000000 0.000000 0.4
step = 0.000000 0.000000 1.570750 0.000000 0.000000 0.000000 0.000000 -0.191981 -0.496357 0.808587 -0.453772 0.191981 1.570750 0.000000 0.000000 0.000000 0.000000 -0.191981 -0.496357 0.808587 -0.453772 0.191981 0.000000 0.4
step = 0.000000 0.000000 1.570750 0.000000 0.000000 0.000000 0.000000 -0.191981 -0.496357 0.808587 -0.453772 0.191981 1.570750 0.000000 0.000000 0.000000 0.000000 -0.191981 -0.845413 1.157643 -0.453772 0.191981 0.000000 0.4
step = 0.000000 0.000000 1.570750 0.000000 0.000000 0.000000 0.000000 -0.191981 -0.496357 0.983115 -0.523583 0.191981 1.570750 0.000000 0.000000 0.000000 0.000000 -0.191981 -1.019940 0.285004 0.436319 0.191981 0.000000 0.4
step = 0.000000 0.000000 1.570750 0.000000 0.000000 0.000000 0.000000 0.191981 -0.496357 0.634059 -0.698111 -0.191981 1.570750 0.000000 0.000000 0.000000 0.000000 0.191981 -1.019940 0.285004 0.261792 -0.191981 0.000000 0.4
step = 0.000000 0.000000 1.570750 0.000000 0.000000 0.000000 0.000000 0.191981 -0.802828 1.553297 -0.959903 -0.191981 1.570750 0.000000 0.000000 0.000000 0.000000 0.191981 -0.802828 1.553297 -0.959903 -0.191981 0.000000 2.02
step = 0.000000 0.000000 1.570750 0.000000 0.000000 0.000000 0.000000 0.191981 -0.366508 0.680658 -0.523583 -0.191981 1.570750 0.000000 0.000000 0.000000 0.000000 0.191981 -0.279244 0.506131 -0.436319 -0.191981 0.000000 0.36
step = 0.000000 0.000000 1.570750 0.000000 0.000000 0.000000 0.000000 0.191981 0.404672 1.228983 -1.304682 -0.191981 1.570750 0.000000 0.000000 0.000000 0.004985 0.209433 -0.624518 0.002303 -0.183287 -0.209433 0.000000 0.36
step = 0.000000 0.000000 0.000000 0.000000 0.000000 0.000000 -0.017453 0.191981 -0.349056 2.094333 -1.012261 -0.191981 0.000000 0.000000 0.000000 0.000000 0.016601 0.209433 0.349056 0.366735 -0.183287 -0.209433 0.000000 0.02
step = 0.000000 0.000000 0.000000 0.000000 0.000000 0.000000 -0.017453 0.191981 -0.349056 2.094333 -1.012261 -0.191981 0.000000 0.000000 0.000000 0.000000 0.016601 0.209433 0.349056 0.366735 -0.183287 -0.209433 0.000000 0.04
step = 0.000000 0.000000 0.000000 0.000000 0.000000 0.000000 -0.026247 0.191981 -1.553297 0.017453 0.785375 -0.191981 0.000000 0.000000 0.000000 0.000000 0.000000 0.209433 0.349056 0.349056 -0.183287 -0.220289 0.000000 0.02
step = 0.000000 0.000000 1.570750 0.000000 0.000000 0.000000 0.000000 0.000000 0.000000 0.000000 0.000000 0.000000 1.570750 0.000000 0.000000 0.000000 0.000000 0.000000 -0.785375 1.570750 -0.785375 0.000000 0.000000 1.16
step = 0.000000 0.000000 1.570750 0.000000 0.000000 0.000000 0.000000 0.000000 -0.496357 0.808587 -0.453772 0.000000 1.570750 0.000000 0.000000 0.000000 0.000000 0.000000 -0.496357 0.808587 -0.453772 0.000000 0.000000 0.4
page_end
end