type = motion
version = 1.0
enable = 0 1 1 1 1 1 1 1 1 1 1 1 1 1 1 1 1 1 1 0 0 0 0 0 0 0
motor_type = 0 0 0 0 0 0 0 0 0 0 0 0 0 0 0 0 0 0 0 0 0 0 0 0 0 0
interpolator = linear
page_begin
name = prepFrontKick
compliance = 7 7 7 7 7 7 7 5 5 5 5 5 5 5 5 6 6 6 6 5 5 5 5 5 5 5
play_param = 0 0 1 1.02668 32
step = 0 0 0 0 0 0 0 0 0 0 0 0 0 0 0 0 0 0 0 0 0 0 0 0
step = 0.000000 0.000000 1.570750 0.000000 0.000000 0.000000 0.000000 0.000000 0.000000 0.000000 0.000000 0.000000 1.570750 0.000000 0.000000 0.000000 0.000000 0.000000 0.000000 0.000000 0.000000 0.000000 0.000000 1.000000
step = 0.000000 0.000000 1.570750 0.000000 0.000000 0.000000 0.000000 0.209433 0.000000 0.000000 0.000000 -0.209433 1.570750 0.000000 0.000000 0.000000 0.000000 0.209433 0.000000 0.000000 0.000000 -0.209433 0.000000 0.593429
step = 0.000000 0.000000 0.872639 0.000000 0.000000 0.000000 0.000000 0.209433 -0.496357 3.251976 -1.570750 -0.209433 0.872639 0.000000 0.000000 0.000000 0.000000 0.209433 -0.496357 0.808587 -0.541036 -0.209433 0.000000 0.711322
page_end
end