type = motion
version = 1.0
enable = 0 1 1 1 1 1 1 1 1 1 1 1 1 1 1 1 1 1 1 0 0 0 0 0 0 0
motor_type = 0 0 0 0 0 0 0 0 0 0 0 0 0 0 0 0 0 0 0 0 0 0 0 0 0 0
interpolator = linear
page_begin
name = superKickLeftLeg
compliance = 7 7 7 7 7 7 7 5 5 5 5 5 5 5 5 6 6 6 6 5 5 5 5 5 5 5
play_param = 0 0 1 1.02668 32
step = 0.000000 0.000000 1.570750 0.000000 0.000000 0.000000 0.000000 0.000000 0.000000 0.000000 0.000000 0.000000 1.570750 0.000000 0.000000 0.000000 0.000000 0.000000 0.000000 0.000000 0.000000 0.000000 0.000000 1.000000
step = 0.000000 0.000000 1.570750 0.000000 0.000000 0.000000 0.000000 0.209433 0.000000 0.000000 0.000000 -0.209433 1.570750 0.000000 0.000000 0.000000 0.000000 0.209433 0.000000 0.000000 0.000000 -0.209433 0.000000 0.593429
step = 0.000000 0.000000 0.872639 0.000000 0.000000 0.000000 0.000000 0.209433 -0.496357 3.251976 -1.570750 -0.209433 0.872639 0.000000 0.000000 0.000000 0.000000 0.209433 -0.496357 0.808587 -0.541036 -0.209433 0.000000 0.711322
step = 0.000000 0.000000 0.872639 0.000000 0.000000 0.000000 0.000000 0.209433 0.698111 2.617917 0.872639 -0.209433 0.872639 0.000000 0.000000 0.000000 -0.872639 0.209433 0.000000 0.000000 0.000000 -0.209433 0.000000 0.909772
step = 0.000000 0.000000 0.872639 0.000000 0.000000 0.000000 0.000000 0.209433 0.698111 2.617917 0.872639 -0.209433 0.872639 0.000000 0.000000 0.000000 -0.872639 0.209433 0.000000 0.000000 0.000000 -0.209433 0.000000 0.278273
step = 0.000000 0.000000 2.094333 0.000000 0.000000 0.000000 0.000000 0.209433 -1.570750 0.000000 0.174528 -0.209433 2.094333 0.000000 0.000000 0.000000 0.000000 0.209433 0.174528 0.523583 0.174528 -0.209433 0.000000 0.0939893
step = 0.000000 0.000000 2.617917 0.000000 0.000000 0.000000 0.698111 0.209433 -1.570750 0.000000 -0.698111 -0.209433 2.617917 0.000000 0.000000 0.000000 0.000000 0.209433 0.523583 1.047167 0.523583 -0.209433 0.000000 0.0221054
step = 0.000000 0.000000 2.617917 0.000000 0.000000 0.000000 0.698111 0.209433 -1.570750 0.000000 -0.698111 -0.209433 2.617917 0.000000 0.000000 0.000000 0.000000 0.209433 0.523583 1.047167 0.523583 -0.209433 0.000000 0.498944
page_end
end
