type = motion
version = 1.0
enable = 0 1 1 1 1 1 1 1 1 1 1 1 1 1 1 1 1 1 1 0 0 0 0 0 0 0
motor_type = 0 0 0 0 0 0 0 0 0 0 0 0 0 0 0 0 0 0 0 0 0 0 0 0 0 0
interpolator = linear
page_begin
name = superKickLeft
compliance = 7 7 7 7 7 7 7 5 5 5 5 5 5 5 5 6 6 6 6 5 5 5 5 5 5 5
play_param = 0 0 1 1 32
step = 0.000000 0.000000 0.000000 0.000000 0.000000 0.000000 0.000000 0.191981 0.000000 0.000000 0.000000 -0.191981 0.000000 0.000000 0.000000 0.000000 0.000000 0.191981 0.000000 0.000000 0.000000 -0.191981 0.000000 0.4
step = 0.000000 0.000000 0.000000 0.000000 0.000000 0.000000 0.000000 0.191981 -0.698111 1.396222 -0.698111 -0.191981 0.000000 0.000000 0.000000 0.000000 0.000000 0.191981 0.000000 0.000000 0.000000 -0.191981 0.000000 0.2
step = 0.000000 0.000000 1.570750 0.000000 0.000000 0.000000 0.000000 0.191981 0.698111 1.221694 -1.308958 -0.191981 1.570750 0.000000 0.000000 0.000000 0.000000 0.209433 -0.523583 0.017453 -0.069811 -0.209433 0.000000 0.470
step = 0.000000 0.000000 0.000000 0.000000 0.000000 0.000000 0.000000 0.191981 -0.349056 2.094333 -1.012261 -0.191981 0.000000 0.000000 0.000000 0.000000 0.000000 0.209433 0.349056 0.349056 -0.069811 -0.209433 0.000000 0.020
step = 0.000000 0.000000 0.000000 0.000000 0.000000 0.000000 0.000000 0.191981 -0.349056 2.094333 -1.012261 -0.191981 0.000000 0.000000 0.000000 0.000000 0.000000 0.209433 0.349056 0.349056 -0.069811 -0.209433 0.000000 0.041
step = 0.000000 0.000000 0.000000 0.000000 0.000000 0.000000 0.000000 0.191981 -1.553297 0.017453 0.698111 -0.191981 0.000000 0.000000 0.000000 0.000000 0.000000 0.209433 0.349056 0.349056 -0.069811 -0.209433 0.000000 0.02
step = 0.000000 0.000000 0.000000 0.000000 0.000000 0.000000 0.000000 0.191981 -1.553297 0.017453 0.698111 -0.191981 0.000000 0.000000 0.000000 0.000000 0.000000 0.209433 0.349056 0.349056 -0.069811 -0.209433 0.000000 0.150
step = 0.000000 0.000000 -2.094333 0.000000 0.000000 0.000000 0.000000 0.191981 -1.570750 2.094333 -1.047167 -0.191981 -2.094333 0.000000 0.000000 0.000000 0.000000 0.191981 -1.570750 2.094333 -1.047167 -0.191981 0.000000 0.115
step = 0.000000 0.000000 -2.094333 0.000000 0.000000 0.000000 0.000000 0.000000 -1.570750 2.094333 -1.047167 0.000000 -2.094333 0.000000 0.000000 0.000000 0.000000 0.000000 -1.570750 2.094333 -1.047167 0.000000 0.000000 0.3
step = 0.000000 0.000000 1.570750 0.000000 0.000000 0.000000 0.000000 0.000000 -0.279244 0.506131 -0.436319 0.000000 1.570750 0.000000 0.000000 0.000000 0.000000 0.000000 -0.279244 0.506131 -0.436319 0.000000 0.000000 1.000000
page_end
end