kick10_angle=-0.340731
kick10_approachSpeed=0.630099
kick10_dist=0.0359801
kick10_distAngleFactor=0.376973
kick10_distAngleStart=0.221801
kick10_distMax=0.2
kick10_enabled=1
kick10_foot.x=0.137766
kick10_foot.y=-0.0614274
kick10_footDistMax=0.0349952
kick10_kickWithLeft=0
kick10_waitBeforeKick=0
kick11_angle=0.340731
kick11_approachSpeed=0.630099
kick11_dist=0.0359801
kick11_distAngleFactor=0.376973
kick11_distAngleStart=0.221801
kick11_distMax=0.2
kick11_enabled=1
kick11_foot.x=0.137766
kick11_foot.y=0.0614274
kick11_footDistMax=0.0349952
kick11_kickWithLeft=1
kick11_waitBeforeKick=0
kick2_angle=0.0937548
kick2_approachSpeed=0.968407
kick2_dist=0.0715048
kick2_distAngleFactor=0.104832
kick2_distAngleStart=0.162397
kick2_distMax=0.2
kick2_enabled=1
kick2_foot.x=0.0846355
kick2_foot.y=0.0602865
kick2_footDistMax=0.0808013
kick2_kickWithLeft=1
kick2_waitBeforeKick=0
kick3_angle=-0.0937548
kick3_approachSpeed=0.968407
kick3_dist=0.0715048
kick3_distAngleFactor=0.104832
kick3_distAngleStart=0.162397
kick3_distMax=0.2
kick3_enabled=1
kick3_foot.x=0.0846355
kick3_foot.y=-0.0602865
kick3_footDistMax=0.0808013
kick3_kickWithLeft=0
kick3_waitBeforeKick=0
kick4_angle=0.439796
kick4_approachSpeed=0.986306
kick4_dist=0.0743725
kick4_distAngleFactor=0.116686
kick4_distAngleStart=0.100991
kick4_distMax=0.2
kick4_enabled=1
kick4_foot.x=0.0818479
kick4_foot.y=0.0457025
kick4_footDistMax=0.0873563
kick4_kickWithLeft=1
kick4_waitBeforeKick=0
kick5_angle=-0.439796
kick5_approachSpeed=0.986306
kick5_dist=0.0743725
kick5_distAngleFactor=0.116686
kick5_distAngleStart=0.100991
kick5_distMax=0.2
kick5_enabled=1
kick5_foot.x=0.0818479
kick5_foot.y=-0.0457025
kick5_footDistMax=0.0873563
kick5_kickWithLeft=0
kick5_waitBeforeKick=0
kick6_angle=1.8004
kick6_approachSpeed=0.728116
kick6_dist=0.104542
kick6_distAngleFactor=0.0915876
kick6_distAngleStart=-0.0983643
kick6_distMax=0.2
kick6_enabled=1
kick6_foot.x=-0.060862
kick6_foot.y=0.0514361
kick6_footDistMax=0.116858
kick6_kickWithLeft=1
kick6_waitBeforeKick=-0.175246
kick7_angle=-1.8004
kick7_approachSpeed=0.728116
kick7_dist=0.104542
kick7_distAngleFactor=0.0915876
kick7_distAngleStart=-0.0983643
kick7_distMax=0.2
kick7_enabled=1
kick7_foot.x=-0.060862
kick7_foot.y=-0.0514361
kick7_footDistMax=0.116858
kick7_kickWithLeft=0
kick7_waitBeforeKick=-0.175246
kick8_angle=-0.790681
kick8_approachSpeed=0.943097
kick8_dist=0.0353742
kick8_distAngleFactor=0.175932
kick8_distAngleStart=0.337221
kick8_distMax=0.2
kick8_enabled=1
kick8_foot.x=0.123271
kick8_foot.y=-0.000119831
kick8_footDistMax=0.0426951
kick8_kickWithLeft=1
kick8_waitBeforeKick=0
kick9_angle=0.790681
kick9_approachSpeed=0.943097
kick9_dist=0.0353742
kick9_distAngleFactor=0.175932
kick9_distAngleStart=0.337221
kick9_distMax=0.2
kick9_enabled=1
kick9_foot.x=0.123271
kick9_foot.y=0.000119831
kick9_footDistMax=0.0426951
kick9_kickWithLeft=0
kick9_waitBeforeKick=0
