kick10_angle=-0.139844
kick10_approachSpeed=0.498716
kick10_dist=0.031072
kick10_distAngleFactor=0.358986
kick10_distAngleStart=0.243971
kick10_distMax=0.2
kick10_enabled=1
kick10_foot.x=0.167769
kick10_foot.y=-0.0526595
kick10_footDistMax=0.032938
kick10_kickWithLeft=0
kick10_waitBeforeKick=0
kick11_angle=0.139844
kick11_approachSpeed=0.498716
kick11_dist=0.031072
kick11_distAngleFactor=0.358986
kick11_distAngleStart=0.243971
kick11_distMax=0.2
kick11_enabled=1
kick11_foot.x=0.167769
kick11_foot.y=0.0526595
kick11_footDistMax=0.032938
kick11_kickWithLeft=1
kick11_waitBeforeKick=0
kick12_enabled=0
kick13_enabled=0
kick2_angle=0.234169
kick2_approachSpeed=0.584435
kick2_dist=0.0212303
kick2_distAngleFactor=0.142067
kick2_distAngleStart=0.199864
kick2_distMax=0.2
kick2_enabled=1
kick2_foot.x=0.118673
kick2_foot.y=0.0777915
kick2_footDistMax=0.0409761
kick2_kickWithLeft=1
kick2_waitBeforeKick=0
kick3_angle=-0.234169
kick3_approachSpeed=0.584435
kick3_dist=0.0212303
kick3_distAngleFactor=0.142067
kick3_distAngleStart=0.199864
kick3_distMax=0.2
kick3_enabled=1
kick3_foot.x=0.118673
kick3_foot.y=-0.0777915
kick3_footDistMax=0.0409761
kick3_kickWithLeft=0
kick3_waitBeforeKick=0
kick4_angle=0.439796
kick4_approachSpeed=0.559916
kick4_dist=0.0900175
kick4_distAngleFactor=0.105482
kick4_distAngleStart=0.251943
kick4_distMax=0.2
kick4_enabled=1
kick4_foot.x=0.0594564
kick4_foot.y=0.0948423
kick4_footDistMax=0.105747
kick4_kickWithLeft=1
kick4_waitBeforeKick=0
kick5_angle=-0.439796
kick5_approachSpeed=0.559916
kick5_dist=0.0900175
kick5_distAngleFactor=0.105482
kick5_distAngleStart=0.251943
kick5_distMax=0.2
kick5_enabled=1
kick5_foot.x=0.0594564
kick5_foot.y=-0.0948423
kick5_footDistMax=0.105747
kick5_kickWithLeft=0
kick5_waitBeforeKick=0
kick6_angle=1.58685
kick6_approachSpeed=0.606952
kick6_dist=0.112377
kick6_distAngleFactor=0.0861461
kick6_distAngleStart=-0.0298177
kick6_distMax=0.2
kick6_enabled=1
kick6_foot.x=0.00788979
kick6_foot.y=0.0263528
kick6_footDistMax=0.17408
kick6_kickWithLeft=1
kick6_waitBeforeKick=-0.26747
kick7_angle=-1.58685
kick7_approachSpeed=0.606952
kick7_dist=0.112377
kick7_distAngleFactor=0.0861461
kick7_distAngleStart=-0.0298177
kick7_distMax=0.2
kick7_enabled=1
kick7_foot.x=0.00788979
kick7_foot.y=-0.0263528
kick7_footDistMax=0.17408
kick7_kickWithLeft=0
kick7_waitBeforeKick=-0.26747
kick8_angle=-0.147297
kick8_approachSpeed=0.600082
kick8_dist=0.0384645
kick8_distAngleFactor=0.165952
kick8_distAngleStart=0.504367
kick8_distMax=0.2
kick8_enabled=1
kick8_foot.x=0.111042
kick8_foot.y=0.0231837
kick8_footDistMax=0.0452281
kick8_kickWithLeft=1
kick8_waitBeforeKick=0
kick9_angle=0.147297
kick9_approachSpeed=0.600082
kick9_dist=0.0384645
kick9_distAngleFactor=0.165952
kick9_distAngleStart=0.504367
kick9_distMax=0.2
kick9_enabled=1
kick9_foot.x=0.111042
kick9_foot.y=-0.0231837
kick9_footDistMax=0.0452281
kick9_kickWithLeft=0
kick9_waitBeforeKick=0
