type = motion
version = 1.0
enable = 0 1 1 1 1 1 1 1 1 1 1 1 1 1 1 1 1 1 1 0 0 0 0 0 0 0
motor_type = 0 0 0 0 0 0 0 0 0 0 0 0 0 0 0 0 0 0 0 0 0 0 0 0 0 0
interpolator = spline
page_begin
name = kickBackPutLegUp
compliance = 7 7 7 7 7 7 7 5 5 5 5 5 5 5 5 6 6 6 6 5 5 5 5 5 5 5
play_param = 0 0 1 1 32
step = 0.000000 0.000000 1.570750 0.000000 0.000000 0.000000 0.000000 0.000000 -0.279244 0.506131 -0.436319 0.000000 1.570750 0.000000 0.000000 0.000000 0.000000 0.000000 -0.279244 0.506131 -0.436319 0.000000 0.000000 1.000000
step = 0.000000 0.000000 1.570750 0.000000 0.000000 0.000000 0.000000 0.209433 -0.279244 0.506131 -0.436319 -0.209433 1.570750 0.000000 0.000000 0.000000 0.000000 0.209433 -0.279244 0.558489 -0.436319 -0.209433 0.000000 0.4
step = 0.000000 0.000000 1.570750 0.000000 0.000000 0.000000 0.000000 0.209433 -0.366508 0.680658 -0.523583 -0.209433 1.570750 0.000000 0.000000 0.000000 0.000000 0.209433 -0.279244 0.558489 -0.436319 -0.209433 0.000000 0.2
step = 0.000000 0.000000 1.570750 0.000000 0.000000 0.000000 0.000000 0.209433 -0.366508 2.094333 -0.523583 -0.209433 1.570750 0.000000 0.000000 0.000000 0.000000 0.209433 -0.279244 0.610847 -0.436319 -0.209433 0.000000 0.6
step = 0.000000 0.000000 1.570750 0.000000 0.000000 0.000000 0.000000 0.349056 -2.111786 -0.872639 -0.523583 -0.349056 1.570750 -1.570750 0.000000 0.000000 0.000000 0.349056 -0.802828 1.553297 -0.959903 -0.349056 0.000000 0.5
step = 0.000000 0.000000 1.570750 0.000000 0.000000 0.000000 0.000000 0.000000 -0.496357 0.808587 -0.453772 0.000000 1.570750 0.000000 0.000000 0.000000 0.000000 0.000000 -0.496357 0.808587 -0.453772 0.000000 0.000000 0.4
page_end
end