type = motion
version = 1.0
enable = 0 1 1 1 1 1 1 1 1 1 1 1 1 1 1 1 1 1 1 0 0 0 0 0 0 0
motor_type = 0 0 0 0 0 0 0 0 0 0 0 0 0 0 0 0 0 0 0 0 0 0 0 0 0 0
interpolator = linear
page_begin
name = getUpLeft
compliance = 7 7 7 7 7 7 7 5 5 5 5 5 5 5 5 6 6 6 6 5 5 5 5 5 5 5
play_param = 0 0 1 1 32
step = 0.000000 0.000000 3.141500 0.000000 0.000000 0.000000 0.000000 0.000000 0.000000 0.000000 0.000000 0.000000 0.000000 0.000000 0.000000 0.000000 0.000000 0.000000 0.000000 0.000000 0.000000 0.000000 0.000000 0
step = 0.000000 0.000000 3.141500 1.396222 0.000000 0.000000 0.000000 0.000000 0.000000 0.000000 0.000000 0.000000 0.000000 0.000000 0.000000 0.000000 0.000000 0.000000 0.000000 0.000000 0.000000 0.000000 0.000000 0.30
step = 0.000000 0.000000 -0.872639 1.396222 0.000000 0.000000 0.000000 0.000000 0.000000 0.000000 0.000000 0.000000 -0.872639 0.000000 0.000000 0.000000 0.000000 0.000000 0.000000 0.000000 0.000000 0.000000 0.000000 0.3
step = 0.000000 0.000000 -0.872639 1.396222 0.000000 0.000000 0.000000 0.000000 -1.745278 2.268861 -1.308958 0.000000 -0.872639 0.000000 0.000000 0.000000 0.000000 0.000000 -1.745278 2.268861 -1.308958 0.000000 0.000000 0.1
step = 0.000000 0.000000 -0.872639 1.396222 0.000000 0.000000 1.047167 0.785375 -1.745278 2.268861 -1.308958 -0.785375 -0.872639 0.000000 0.000000 0.000000 -1.047167 -0.785375 -1.745278 2.268861 -1.308958 0.785375 0.000000 0.100
step = 0.000000 0.000000 -0.872639 1.396222 0.000000 0.000000 1.570750 0.785375 -1.745278 1.745278 0.785375 -0.436319 -0.872639 0.000000 0.000000 0.000000 -1.570750 -0.785375 -1.745278 1.745278 0.785375 0.436319 0.000000 0.200
step = 0.000000 0.000000 0.000000 1.396222 0.000000 0.000000 1.570750 0.785375 -1.745278 1.745278 0.785375 -0.436319 0.000000 0.000000 0.000000 0.000000 -1.570750 -0.785375 -1.745278 1.745278 0.785375 0.436319 0.000000 0.200
step = 0.000000 0.000000 0.000000 1.396222 0.000000 0.000000 1.047167 0.785375 -1.745278 2.094333 -0.785375 -0.436319 0.000000 0.000000 0.000000 0.000000 -1.047167 -0.785375 -1.745278 2.094333 -0.785375 0.436319 0.000000 0.2
step = 0.000000 0.000000 0.000000 1.396222 0.000000 0.000000 1.047167 0.785375 -1.745278 2.094333 -0.785375 -0.785375 0.000000 0.000000 0.000000 0.000000 -1.047167 -0.785375 -1.745278 2.094333 -0.785375 0.785375 0.000000 0.2
step = 0.000000 0.000000 0.000000 1.396222 0.000000 0.000000 1.047167 0.785375 -1.745278 2.268861 -0.785375 -0.785375 0.000000 0.000000 0.000000 0.000000 -1.047167 -0.785375 -1.745278 2.268861 -0.785375 0.785375 0.000000 0.3
step = 0.000000 0.000000 1.570750 0.000000 0.000000 0.000000 0.000000 0.000000 -0.496357 0.808587 -0.541036 0.000000 1.570750 0.000000 0.000000 0.000000 0.000000 0.000000 -0.496357 0.808587 -0.541036 0.000000 0.000000 0.5
page_end
end