type = motion
version = 1.0
enable = 0 1 1 1 1 1 1 1 1 1 1 1 1 1 1 1 1 1 1 0 0 0 0 0 0 0
motor_type = 0 0 0 0 0 0 0 0 0 0 0 0 0 0 0 0 0 0 0 0 0 0 0 0 0 0
interpolator = spline
page_begin
name = standUpFromFrontModule
compliance = 7 7 7 7 7 7 7 5 5 5 5 5 5 5 5 6 6 6 6 5 5 5 5 5 5 5
play_param = 0 0 1 15.8857 32
step = 0 0 1.3 0 0 0 -0 0 0 0 0 0 1.3 0 0 0 0 0 0 0 0 0 0 0
step = 0 0 1.50797 0.432536 0 -0.0838 -0 0 0 0 0.024426 0 1.56552 -0.333338 0 0 0 0 0 0 0 0 0 0.946
step = 0 0 1.50797 0.632536 0 -0.0838 -0 0 0 0.5 -0.475574 0 1.56552 -0.533338 0 0 0 0 0 0.5 -0.5 0 0 0.4152
step = 0 0 -1.59203 0.232536 0 -0.0838 -0 0 -0.3 2.2689 -1.3963 0 -1.53448 -0.133338 0 0 0 0 -0.3 2.2689 -1.3963 0 0 1.3718
step = 0 0 -0.39203 0.232536 0 -0.0838 -0 0 -1.6 2.2689 -1.3963 0 -0.33448 -0.133338 0 0 0 0 -1.6 2.2689 -1.3963 0 0 1.4331
step = 0 0 -0.09203 0.232536 0 -0.0838 -0 0 -1.6 2.2689 -1.3963 0 -0.03448 -0.133338 0 0 0 0 -1.6 2.2689 -1.3963 0 0 0.921
step = 0 0 -0.09203 0.232536 0 -0.0838 0.3 0 -1.6 2.0689 -1.4963 0 -0.03448 -0.133338 0 0 -0.3 0 -1.6 2.0689 -1.3963 0 0 0.5276
step = 0 0 -0.091888 0.232536 0 -0.0838 0.6 -0.2 -1.6 1.8689 -1.2963 0 -0.03448 -0.133338 0 0 -0.6 0.2 -1.6 1.83781 -1.2963 0 0 1.0917
step = 0 0 -0.091888 0.232536 0 -0.0838 0.6 -0.4 -1.6 1.8689 -1.1963 0 -0.03448 -0.133338 0 0 -0.6 0.4 -1.6 1.83781 -1.1963 0 0 0.1957
step = 0 0 -0.091888 0.232536 0 -0.0838 0.6 -0.4 -1.6 1.3689 -0.8963 0 -0.03448 -0.133338 0 0 -0.6 0.4 -1.6 1.33781 -0.8963 0 0 0.4296
step = 0 0 -0.091888 0.232536 0 -0.0838 0.9 -0.4 -1.6 1.3689 -0.5963 0 -0.03448 -0.133338 0 0 -0.9 0.4 -1.6 1.33781 -0.4963 0 0 1.0662
step = 0 0 -0.091888 0.232536 0 -0.0838 1.1 -0.4 -1.4 1.3689 -0.1963 0 -0.03448 -0.133338 0 0 -1.1 0.4 -1.4 1.33781 -0.1963 0 0 2.036
step = 0 0 1.3 0 0 0 -0 0 0 0 0 0 1.3 0 0 0 0 0 0 0 0 0 0 5.0512
page_end
end
