type = motion
version = 1.0
enable = 0 1 1 1 1 1 1 1 1 1 1 1 1 1 1 1 1 1 1 0 0 0 0 0 0 0
motor_type = 0 0 0 0 0 0 0 0 0 0 0 0 0 0 0 0 0 0 0 0 0 0 0 0 0 0
interpolator = linear
page_begin
name = fallToLeft
compliance = 7 7 7 7 7 7 7 5 5 5 5 5 5 5 5 6 6 6 6 5 5 5 5 5 5 5
play_param = 0 0 1 1 32
step = 0 0 0 0 0 0 0 0 0 0 0 0 0 0 0 0 0 0 0 0 0 0 0 0
step = 0.000000 0.000000 -1.570750 0.000000 0.000000 0.000000 0.000000 -0.523583 -1.718051 2.553865 -2.286314 0.000000 1.570750 -1.570750 0.000000 0.000000 -1.780183 -1.169336 0.750469 0.000000 0.000000 1.570750 0.000000 0.06
step = 0.000000 0.000000 -1.570750 0.000000 0.000000 0.000000 0.000000 -0.523583 -1.718051 2.553865 -2.286314 0.000000 1.570750 -1.570750 0.000000 0.000000 -1.780183 -1.169336 0.750469 0.000000 0.000000 1.570750 0.000000 0.06
step = 0.000000 0.000000 -1.570750 0.000000 0.000000 0.000000 0.000000 -0.523583 -1.718051 2.553865 -2.286314 0.000000 1.570750 -1.570750 0.000000 0.000000 -1.780183 -0.994808 0.750469 0.000000 0.000000 1.570750 0.000000 0.06
step = 0.000000 0.000000 -1.570750 0.000000 0.000000 0.000000 0.000000 -0.523583 -1.718051 2.553865 -2.286314 0.000000 1.570750 -1.570750 0.000000 0.000000 -1.780183 -0.994808 0.750469 0.000000 0.000000 1.570750 0.000000 0.2
step = 0.000000 0.000000 -1.570750 0.000000 0.000000 0.000000 0.000000 -0.523583 0.000000 0.000000 -2.286314 0.000000 1.570750 -1.570750 0.000000 0.000000 -1.780183 -0.994808 0.959903 0.000000 0.000000 1.570750 0.000000 0.1
step = 0.000000 0.000000 -1.570750 0.000000 0.000000 0.000000 0.000000 -0.523583 0.000000 0.000000 -2.286314 0.000000 1.570750 -1.570750 0.000000 0.000000 -1.780183 -0.994808 0.959903 0.000000 0.000000 1.570750 0.000000 0.5
step = 0.000000 0.000000 -1.570750 0.000000 0.000000 0.000000 0.000000 0.000000 0.000000 0.000000 0.000000 0.000000 -1.570750 0.000000 0.000000 0.000000 0.000000 0.000000 0.000000 0.000000 0.000000 0.000000 0.000000 0.2
step = 0.000000 0.000000 -1.570750 0.000000 0.000000 0.000000 0.000000 0.000000 0.000000 0.000000 0.000000 0.000000 -1.570750 0.000000 0.000000 0.000000 0.000000 0.000000 0.000000 0.000000 0.000000 0.000000 0.000000 0.1
page_end
end