type = motion
version = 1.0
enable = 0 1 1 1 1 1 1 1 1 1 1 1 1 1 1 1 1 1 1 0 0 0 0 0 0 0
motor_type = 0 0 0 0 0 0 0 0 0 0 0 0 0 0 0 0 0 0 0 0 0 0 0 0 0 0
interpolator = linear
page_begin
name = goalieHockeyGetUp
compliance = 7 7 7 7 7 7 7 5 5 5 5 5 5 5 5 6 6 6 6 5 5 5 5 5 5 5
play_param = 0 0 1 1 32
step = 0.000000 0.000000 0.000000 0.000000 0.000000 0.000000 1.047167 0.000000 0.000000 2.094333 -0.785375 0.000000 0.000000 0.000000 0.000000 0.000000 -1.047167 0.000000 0.000000 2.094333 -0.785375 0.000000 0.000000 0.4
step = 0.000000 0.000000 0.000000 0.000000 0.000000 0.000000 1.047167 0.785375 -1.745278 2.094333 -0.785375 -0.785375 0.000000 0.000000 0.000000 0.000000 -1.047167 -0.785375 -1.745278 2.094333 -0.785375 0.785375 0.000000 0.2
step = 0.000000 0.000000 1.570750 0.000000 0.000000 0.000000 0.000000 0.000000 -0.279244 0.506131 -0.436319 0.000000 1.570750 0.000000 0.000000 0.000000 0.000000 0.000000 -0.279244 0.506131 -0.436319 0.000000 0.000000 0.2
step = 0.000000 0.000000 1.570750 0.000000 0.000000 0.000000 0.000000 0.000000 -0.279244 0.506131 -0.436319 0.000000 1.570750 0.000000 0.000000 0.000000 0.000000 0.000000 -0.279244 0.506131 -0.436319 0.000000 0.000000 0.5
page_end
end