type = motion
version = 1.0
enable = 0 1 1 1 1 1 1 1 1 1 1 1 1 1 1 1 1 1 1 0 0 0 0 0 0 0
motor_type = 0 0 0 0 0 0 0 0 0 0 0 0 0 0 0 0 0 0 0 0 0 0 0 0 0 0
interpolator = linear
page_begin
name = goalieHockey
compliance = 7 7 7 7 7 7 7 5 5 5 5 5 5 5 5 6 6 6 6 5 5 5 5 5 5 5
play_param = 0 0 1 1 32
step = 0.000000 0.000000 -1.396222 0.000000 0.000000 0.000000 0.000000 0.000000 -1.745278 2.094333 -0.785375 0.000000 -1.396222 0.000000 0.000000 0.000000 0.000000 0.000000 -1.745278 2.094333 -0.785375 0.000000 0.000000 0.100
step = 0.000000 0.000000 -0.872639 0.000000 0.000000 0.000000 1.047167 0.785375 -1.745278 2.094333 -0.785375 -0.785375 -0.872639 0.000000 0.000000 0.000000 -1.047167 -0.785375 -1.745278 2.094333 -0.785375 0.785375 0.000000 0.100
step = 0.000000 0.000000 -0.872639 0.000000 0.000000 0.000000 1.570750 0.785375 -1.745278 1.745278 0.785375 -0.436319 -0.872639 0.000000 0.000000 0.000000 -1.570750 -0.785375 -1.745278 1.745278 0.785375 0.436319 0.000000 0.100
step = 0.000000 0.000000 -0.349056 0.000000 0.000000 0.000000 1.570750 0.785375 -1.745278 1.745278 0.785375 -0.436319 -0.349056 0.000000 0.000000 0.000000 -1.570750 -0.785375 -1.745278 1.745278 0.785375 0.436319 0.000000 0.100
page_end
end